 <pre>

 Contingency table for Cloud cover (octas)
 Selection: ALL    598 stations
Period: 20230114-20230122
Used {00,03,...,21} + 01 02 ... 36
 Limits   0.500000000       1.50000000       2.50000000       3.50000000       4.50000000       5.50000000       6.50000000       7.50000000    
 Each class is data <= limit, the very last > last limit
 Total number of values      235262
                                                       OBSERVATION
                                  14389     2171     1426     1286     1067     1228     1160     2739     8881 |     34347
                                   1552      379      254      302      250      300      308     1025     1921 |      6291
                                    890      207      142      185      139      171      208      596     1259 |      3797
                                    743      168      154      157      143      145      187      565     1030 |      3292
                          e427      744      167      127      163      131      163      166      557     1057 |      3275
                                    748      200      120      154      131      180      176      651     1306 |      3666
                                    935      230      163      172      161      229      236      812     1683 |      4621
                                   1471      363      259      307      270      323      420     1379     3030 |      7822
                                   7230     2387     1576     2118     1868     3263     3931    27725   118053 |    168151

                    SUM           28702     6272     4221     4844     4160     6002     6792    36049   138220 |    235262
                                                       OBSERVATION
                                  14409     2127     1409     1282     1003     1198     1111     2689     8662 |     33890
                                   1556      384      268      305      252      312      333     1005     1907 |      6322
                                    922      213      134      176      179      157      220      598     1248 |      3847
                                    728      180      145      150      120      171      183      550     1071 |      3298
                          e421      718      186      136      152      112      146      171      510     1051 |      3182
                                    762      193      122      146      146      187      199      587     1210 |      3552
                                    919      211      162      177      181      203      247      823     1701 |      4624
                                   1368      360      274      294      273      360      383     1347     2988 |      7647
                                   7320     2418     1571     2162     1894     3268     3945    27940   118382 |    168900

                    SUM           28702     6272     4221     4844     4160     6002     6792    36049   138220 |    235262

