 <pre>

 Contingency table for Cloud cover (octas)
 Selection: ALL    602 stations
Period: 20230114-20230214
Used {00,03,...,21} + 01 02 ... 36
 Limits   0.500000000       1.50000000       2.50000000       3.50000000       4.50000000       5.50000000       6.50000000       7.50000000    
 Each class is data <= limit, the very last > last limit
 Total number of values      868897
                                                       OBSERVATION
                                  80925     8247     5240     4302     3245     3839     4008     8738    24161 |    142705
                                   8715     1525     1083     1059      889     1030     1278     3388     7465 |     26432
                                   5111      844      659      638      482      640      806     2150     4823 |     16153
                                   4036      739      540      547      441      542      710     1837     3945 |     13337
                          e427     3707      705      491      498      428      530      717     1880     3899 |     12855
                                   3918      774      502      567      470      583      720     2092     4567 |     14193
                                   5263      966      684      739      554      762      928     2683     6422 |     19001
                                   8218     1541     1074     1124      946     1285     1614     4847    11993 |     32642
                                  39911    10044     6538     8303     6766    11260    14361    88144   406252 |    591579

                    SUM          159804    25385    16811    17777    14221    20471    25142   115759   473527 |    868897
                                                       OBSERVATION
                                  81161     8274     5248     4353     3213     3811     3937     8720    23803 |    142520
                                   8724     1495     1091     1039      866     1086     1280     3421     7431 |     26433
                                   5082      848      612      656      549      624      867     2102     4824 |     16164
                                   3967      728      549      525      430      593      709     1832     3981 |     13314
                          e421     3722      733      504      491      417      505      720     1771     3955 |     12818
                                   3829      740      520      538      484      606      797     1989     4600 |     14103
                                   5220      983      692      740      564      768      937     2737     6430 |     19071
                                   8149     1488     1060     1151      918     1311     1577     4803    11837 |     32294
                                  39950    10096     6535     8284     6780    11167    14318    88384   406666 |    592180

                    SUM          159804    25385    16811    17777    14221    20471    25142   115759   473527 |    868897

