 <pre>

 Contingency table for Visibility (m)
 Selection: ALL    714 stations
Period: 20230114-20230214
Used {00,03,...,21} + 00 01 ... 36
 Limits    1000.00000       5000.00000       10000.0000       20000.0000    
 Each class is data <= limit, the very last > last limit
 Total number of values     1214775
                                     OBSERVATION
                                   9771    13463     6004     5176     3741 |     38155
                                  12118    64234    46431    55820    52247 |    230850
                          e427     4361    27569    42954    90522   130291 |    295697
                                   1924    12131    27996    83391   211760 |    337202
                                   2608    12883    26690    78554   192136 |    312871

                    SUM           30782   130280   150075   313463   590175 |   1214775
                                     OBSERVATION
                                   9755    13458     6063     5164     3751 |     38191
                                  12155    64503    46613    56165    52322 |    231758
                          e421     4360    27471    42888    90356   130487 |    295562
                                   1891    11957    27807    83073   211240 |    335968
                                   2621    12891    26704    78705   192375 |    313296

                    SUM           30782   130280   150075   313463   590175 |   1214775

