 <pre>

 Contingency table for U10m (m/s)
 Selection: ALL   1011 stations
Period: 20230114-20230214
Used {00,03,...,21} + 00 01 ... 36
 Limits    1.50000000       3.29999995       5.50000000       8.00000000       10.8000002       13.8999996       24.5000000    
 Each class is data <= limit, the very last > last limit
 Total number of values     1891085
                                              OBSERVATION
                                 168691    55572     7611     1376      242       24        4        0 |    233520
                                 177542   268999    70972     9529     2538      402       24        0 |    530006
                                  32521   180553   223229    66363     8642     2382      172        1 |    513863
                          e427     4151    28337   110259   135348    43358     6809     1067        0 |    329329
                                    635     3239    14983    52642    68046    29138     4268        2 |    172953
                                     51      474     1760     6505    18967    32810    15743        3 |     76313
                                      4       31       89      592     2277     8050    23752      245 |     35040
                                      0        0        0        0        0        1       39       21 |        61

                    SUM          383595   537205   428903   272355   144070    79616    45069      272 |   1891085
                                              OBSERVATION
                                 168436    55844     7700     1366      236       24        2        0 |    233608
                                 177772   268526    70865     9520     2563      401       30        0 |    529677
                                  32575   180696   222977    66286     8608     2380      163        1 |    513686
                          e421     4106    28415   110461   135516    43359     6756     1090        0 |    329703
                                    652     3218    15041    52490    68201    29143     4269        2 |    173016
                                     50      477     1764     6562    18808    32880    15700        2 |     76243
                                      4       29       95      615     2295     8032    23780      246 |     35096
                                      0        0        0        0        0        0       35       21 |        56

                    SUM          383595   537205   428903   272355   144070    79616    45069      272 |   1891085

