 <pre>

 Contingency table for Rh2m (%)
 Selection: ALL   1061 stations
Period: 20230114-20230214
Used {00,03,...,21} + 00 01 ... 36
 Limits    30.0000000       50.0000000       65.0000000       75.0000000       85.0000000       95.0000000       100.000000    
 Each class is data <= limit, the very last > last limit
 Total number of values     1991674
                                              OBSERVATION
                                    108       70       22        2       15        5        0        0 |       222
                                   1248     3617     3069     1842     2200      775       33        0 |     12784
                                    217     6746    28927    18548    14857     9508      993        0 |     79796
                          e427       19     2115    31854    63355    52949    29870     4778        0 |    184940
                                      1      842    17855    80006   205236   170144    25429        0 |    499513
                                      0      166     4468    30002   173702   516107   174721        0 |    899166
                                      0       13      308     2021    14105   105743   192963        0 |    315153
                                      0        0        0        0        4       33       63        0 |       100

                    SUM            1593    13569    86503   195776   463068   832185   398980        0 |   1991674
                                              OBSERVATION
                                    111       70       18        5       11        5        0        0 |       220
                                   1243     3594     3046     1815     2119      775       38        0 |     12630
                                    220     6719    28897    18514    14971     9575      993        0 |     79889
                          e421       18     2159    31963    63178    52749    29596     4657        0 |    184320
                                      1      850    17761    80304   204990   169409    25259        0 |    498574
                                      0      165     4510    29923   173965   516845   174624        0 |    900032
                                      0       12      308     2037    14258   105948   193344        0 |    315907
                                      0        0        0        0        5       32       65        0 |       102

                    SUM            1593    13569    86503   195776   463068   832185   398980        0 |   1991674

