 <pre>

 Contingency table for Visibility (m)
 Selection: ALL    706 stations
Period: 20230114-20230122
Used {00,03,...,21} + 00 01 ... 36
 Limits    1000.00000       5000.00000       10000.0000       20000.0000    
 Each class is data <= limit, the very last > last limit
 Total number of values      332293
                                     OBSERVATION
                                   2610     3686     1493     1270      976 |     10035
                                   4182    22678    16180    17771    12981 |     73792
                          e427     1654     8000    12221    25348    37112 |     84335
                                    844     3609     7311    18478    53996 |     84238
                                    945     3855     7412    19647    48034 |     79893

                    SUM           10235    41828    44617    82514   153099 |    332293
                                     OBSERVATION
                                   2598     3706     1579     1286      991 |     10160
                                   4213    22724    16240    17897    12926 |     74000
                          e421     1644     8061    12260    25352    37550 |     84867
                                    806     3492     7201    18296    53490 |     83285
                                    974     3845     7337    19683    48142 |     79981

                    SUM           10235    41828    44617    82514   153099 |    332293

